528/20,590/20
	1	2	3	4	5	6	7	8	9	10	11	12
A	581	598	610	3620	2881	1762	5920	1603	3461	4210	5665	5462	528/20,590/20
B	8318	3864	1526	6049	3498	3872	2733	1600	4985	3955	4969	2412	528/20,590/20
C	597	603	608	3561	4260	2681	1790	1444	2797	4728	3345	3363	528/20,590/20
D	4369	2253	1175	3288	1451	3237	1068	1407	3007	6484	5100	2043	528/20,590/20
E	601	617	617	1075	1641	2106	3507	1021	2364	3637	2643	5259	528/20,590/20
F	4602	2856	1076	1489	1562	2813	2415	1374	3214	2966	2058	5073	528/20,590/20
G	608	581	616	2431	2118	2725	2323	4000	1862	1628	3680	3429	528/20,590/20
H	2412	4878	2844	4549	3922	5351	3890	2231	3626	2897	6843	5889	528/20,590/20

