528/20,590/20
	1	2	3	4	5	6	7	8	9	10	11	12
A	635	728	737	3089	7264	6831	17811	4593	8818	19889	6151	17886	528/20,590/20
B	3911	3310	6143	3933	9886	20706	7207	19236	3676	3939	6284	3619	528/20,590/20
C	512	575	594	5431	5545	4686	7647	18898	6486	5190	5054	5767	528/20,590/20
D	4692	18174	4585	8747	7159	10068	4092	5694	3662	5365	4121	17276	528/20,590/20
E	464	566	572	3971	2742	4335	18405	13573	17544	5465	3039	18229	528/20,590/20
F	10323	2713	6739	13124	4875	4739	18508	6163	2075	13812	3672	2502	528/20,590/20
G	432	444	428	3615	3414	2370	6414	2328	14903	8859	8042	1804	528/20,590/20
H	10649	2063	5243	8244	4857	3062	9042	9782	5127	2901	3098	3709	528/20,590/20

