528/20,590/20
	1	2	3	4	5	6	7	8	9	10	11	12
A	624	649	663	24224	7778	16219	24458	5521	4157	4746	3713	8280	528/20,590/20
B	4750	4561	5396	5743	6117	5261	16696	3531	9064	4868	4217	3993	528/20,590/20
C	506	536	540	2598	2297	6765	4535	3628	3148	11311	3522	3399	528/20,590/20
D	9876	4820	4285	3575	2496	16217	3766	7539	7850	2999	10945	3373	528/20,590/20
E	443	465	466	2377	4254	10153	6881	4694	3920	3416	12268	9115	528/20,590/20
F	3036	3158	9160	2485	2709	4014	3862	3091	3218	9701	1898	5000	528/20,590/20
G	432	434	428	6513	1943	4077	3660	5995	3019	15407	2979	5817	528/20,590/20
H	2629	3160	2327	2519	4395	2722	2810	8200	12495	2571	5205	3248	528/20,590/20

