528/20,590/20
	1	2	3	4	5	6	7	8	9	10	11	12
A	536	576	570	13287	2663	3391	6390	4863	3758	4256	3107	18498	528/20,590/20
B	12367	7534	3172	4011	13178	4508	4495	2383	3273	3669	4942	16796	528/20,590/20
C	399	424	429	2748	2285	2792	9452	8299	2410	5186	6560	2861	528/20,590/20
D	2644	3469	3920	2666	2559	2096	3510	2697	2684	2556	5656	3363	528/20,590/20
E	345	296	348	2052	2743	9117	2060	2772	6201	4085	2487	3163	528/20,590/20
F	5911	5302	2646	2370	3820	3196	3804	14041	9404	3066	4559	2054	528/20,590/20
G	317	338	324	2533	9817	1856	4617	3463	3332	3921	2878	3228	528/20,590/20
H	1898	2045	3018	2969	7694	3340	3488	4607	9957	2166	6103	2103	528/20,590/20

