528/20,590/20
	1	2	3	4	5	6	7	8	9	10	11	12
A	680	695	722	770	695	872	785	789	766	712	696	686	528/20,590/20
B	745	844	770	787	859	834	755	754	818	749	764	744	528/20,590/20
C	664	720	731	773	834	744	839	778	807	817	753	751	528/20,590/20
D	716	761	761	779	780	817	854	821	760	791	748	826	528/20,590/20
E	704	708	731	781	755	763	768	775	712	757	764	738	528/20,590/20
F	798	746	742	821	764	777	786	778	737	748	732	715	528/20,590/20
G	733	700	705	799	760	821	898	827	814	745	779	752	528/20,590/20
H	665	1169	746	719	721	1251	1048	755	752	709	797	774	528/20,590/20

