528/20,590/20
	1	2	3	4	5	6	7	8	9	10	11	12
A	650	648	662	713	866	764	733	763	727	814	706	705	528/20,590/20
B	689	730	732	789	797	773	748	761	746	770	695	663	528/20,590/20
C	651	639	672	728	829	761	736	750	698	713	730	754	528/20,590/20
D	724	710	719	733	805	1101	739	736	772	668	698	683	528/20,590/20
E	633	647	659	741	772	738	870	731	1015	748	701	714	528/20,590/20
F	749	733	731	757	732	1067	818	897	741	737	845	1121	528/20,590/20
G	638	637	656	939	1128	968	1252	1085	725	1015	782	681	528/20,590/20
H	1005	735	743	864	719	1042	719	729	704	858	684	753	528/20,590/20

