528/20,590/20
	1	2	3	4	5	6	7	8	9	10	11	12
A	572	554	588	700	766	821	960	722	1101	856	1307	1456	528/20,590/20
B	1022	696	1017	771	853	741	1218	741	1446	785	688	1157	528/20,590/20
C	585	589	612	806	797	775	788	762	773	678	770	844	528/20,590/20
D	803	663	847	1052	736	1331	779	689	966	643	608	712	528/20,590/20
E	584	593	587	834	844	906	769	834	976	913	1118	723	528/20,590/20
F	817	723	749	913	806	1264	795	803	657	696	1044	899	528/20,590/20
G	567	575	588	1469	872	865	1382	904	949	1047	787	1363	528/20,590/20
H	1212	1432	944	777	858	1352	991	705	1327	995	1241	927	528/20,590/20

