528/20,590/20
	1	2	3	4	5	6	7	8	9	10	11	12
A	668	691	713	759	794	754	774	848	712	710	740	767	528/20,590/20
B	745	847	738	805	764	891	767	779	882	813	735	833	528/20,590/20
C	686	681	713	725	796	833	834	760	802	838	724	731	528/20,590/20
D	723	744	768	801	788	740	751	803	806	740	722	791	528/20,590/20
E	655	670	688	841	832	834	785	786	831	751	703	728	528/20,590/20
F	727	780	754	737	753	774	744	781	761	744	716	758	528/20,590/20
G	683	683	693	752	867	799	761	771	794	712	755	756	528/20,590/20
H	901	784	740	785	804	817	770	758	852	895	747	815	528/20,590/20

