528/20,590/20
	1	2	3	4	5	6	7	8	9	10	11	12
A	578	597	609	6503	2846	2256	8549	2035	4288	5377	6617	6303	528/20,590/20
B	10699	4820	4123	14007	4432	5043	3162	5908	6750	4730	7837	2945	528/20,590/20
C	596	604	609	3889	4157	3380	2130	1898	3520	6146	4040	6273	528/20,590/20
D	5163	3784	5379	3909	3012	4071	3813	1970	3057	7280	5655	3750	528/20,590/20
E	601	616	615	2534	2770	2756	3903	2936	3639	4444	4744	5841	528/20,590/20
F	5574	3957	1604	5697	2301	3708	2897	4661	4883	4180	2485	6410	528/20,590/20
G	607	580	616	3221	2880	3310	3819	4945	2232	1957	4631	3789	528/20,590/20
H	3290	5468	4679	5122	4447	5878	4469	5186	4503	3813	6586	10860	528/20,590/20

