528/20,590/20
	1	2	3	4	5	6	7	8	9	10	11	12
A	690	761	745	8364	5181	13462	14109	19813	19981	8660	8395	4095	528/20,590/20
B	11194	4151	8746	8062	10536	8829	8916	3261	11751	3229	7515	4651	528/20,590/20
C	582	635	637	4416	4827	5755	7980	4780	6982	6744	7323	9583	528/20,590/20
D	3510	4672	3237	7723	2762	3668	6200	2799	2899	8247	3351	5548	528/20,590/20
E	566	567	557	8364	3694	2776	6807	3845	2866	3759	7351	6458	528/20,590/20
F	8074	6102	3203	3478	5550	5387	4168	5151	5329	2115	2396	4566	528/20,590/20
G	531	505	495	3386	3188	3554	5996	5351	2711	4322	5910	2571	528/20,590/20
H	2418	6594	8228	3266	3767	4809	7744	3482	6659	3708	3792	6222	528/20,590/20

