528/20,590/20
	1	2	3	4	5	6	7	8	9	10	11	12
A	638	658	675	18545	11993	13088	6371	4906	12762	9396	4509	22252	528/20,590/20
B	15728	6449	11259	5418	6315	3784	5990	4142	15931	15059	11832	24667	528/20,590/20
C	659	652	756	18545	9574	10659	2274	11373	2654	3786	9611	14302	528/20,590/20
D	12277	6079	14501	14125	4874	2426	10833	16700	12037	10223	8991	12672	528/20,590/20
E	646	661	674	4792	6651	5156	9406	3263	2863	5079	3226	9611	528/20,590/20
F	5273	2537	4777	7950	7728	10538	6483	7269	3614	5658	4018	5895	528/20,590/20
G	672	668	681	4007	11483	7644	10332	5468	4912	6930	5882	6486	528/20,590/20
H	9818	6608	6347	7127	5293	5298	3737	4048	17307	10371	8412	6816	528/20,590/20

