528/20,590/20
	1	2	3	4	5	6	7	8	9	10	11	12
A	682	823	754	18713	8223	30769	20334	30333	30220	11723	21056	5419	528/20,590/20
B	23182	5997	20460	16725	14068	28628	13075	6180	16520	5180	10602	19215	528/20,590/20
C	627	696	701	6926	7059	12570	11272	6421	15564	9009	17011	24365	528/20,590/20
D	5123	6855	6005	10925	6883	8122	10325	16198	6403	12880	8716	20374	528/20,590/20
E	666	668	648	15978	6583	5367	12047	7931	4356	5262	16962	15374	528/20,590/20
F	24337	9998	4270	5999	15652	11642	6812	17284	7552	3689	3620	11324	528/20,590/20
G	610	593	573	11469	9927	5213	8930	7830	4330	6603	22072	6825	528/20,590/20
H	3470	20616	21153	5359	6129	9433	18938	6590	16886	9059	5975	18609	528/20,590/20

