528/20,590/20
	1	2	3	4	5	6	7	8	9	10	11	12
A	669	662	688	883	773	822	984	892	789	729	773	734	528/20,590/20
B	843	785	791	821	800	865	777	758	795	776	782	730	528/20,590/20
C	674	699	697	777	754	811	804	829	871	762	750	732	528/20,590/20
D	708	810	783	805	759	873	777	778	787	783	774	762	528/20,590/20
E	679	709	702	766	789	821	940	810	815	759	969	726	528/20,590/20
F	789	800	748	786	801	751	824	796	768	778	749	769	528/20,590/20
G	702	703	695	767	722	782	828	816	764	751	779	925	528/20,590/20
H	732	760	707	743	753	775	818	856	809	752	992	785	528/20,590/20

