528/20,590/20
	1	2	3	4	5	6	7	8	9	10	11	12
A	632	643	648	14526	17692	16131	5552	15723	13072	8935	10353	8735	528/20,590/20
B	6424	8565	8771	16855	19182	5808	5103	11530	13225	13054	8052	11934	528/20,590/20
C	631	625	653	12795	12937	23204	20357	13107	5971	21246	13346	11003	528/20,590/20
D	16919	12972	5155	17994	23598	10759	20577	28205	22489	3353	10942	16421	528/20,590/20
E	618	626	638	11761	5432	6434	7071	4230	8394	4605	5291	9559	528/20,590/20
F	18206	6754	17289	26545	8627	13588	17420	14096	10134	15070	8899	18918	528/20,590/20
G	618	629	638	17151	14646	6412	7041	20333	7838	10883	11746	13237	528/20,590/20
H	6728	7062	8740	12466	3942	17601	10232	13127	5224	10051	9761	10759	528/20,590/20

