528/20,590/20
	1	2	3	4	5	6	7	8	9	10	11	12
A	631	708	716	2974	5498	6175	13807	4257	4707	13721	5767	12393	528/20,590/20
B	3607	2938	5124	3495	5918	18672	6128	12324	3168	3332	5706	3234	528/20,590/20
C	494	543	560	4654	4699	4258	6253	16049	5850	4673	4275	3815	528/20,590/20
D	3893	15078	3830	8177	5762	8205	3345	5118	3124	4485	3408	10595	528/20,590/20
E	451	532	534	3532	2481	3233	13277	8708	12083	4623	2561	15637	528/20,590/20
F	4197	2458	6019	6658	4093	4271	16125	5169	1808	11906	3206	2304	528/20,590/20
G	421	425	413	3224	3079	2111	4513	2071	12290	7791	4038	1624	528/20,590/20
H	3721	1909	2045	6045	4544	2884	7593	6759	3742	2547	2420	2122	528/20,590/20

