528/20,590/20
	1	2	3	4	5	6	7	8	9	10	11	12
A	505	502	531	5051	3631	2308	5148	3368	4581	3389	3922	6182	528/20,590/20
B	3271	2321	4027	2337	1658	3016	3768	1591	5497	1829	3815	5113	528/20,590/20
C	527	542	589	3556	3482	4480	1087	2696	4117	1958	3295	4468	528/20,590/20
D	2155	1194	3134	5169	1979	3119	2926	2479	4734	3185	994	1674	528/20,590/20
E	538	552	561	4951	2936	1702	2737	4333	7341	1867	6682	4601	528/20,590/20
F	4108	3578	4999	4840	3205	3352	2655	1570	4813	2232	6263	3609	528/20,590/20
G	506	538	565	7399	7417	2917	3615	5016	3981	3202	3654	7697	528/20,590/20
H	7747	10513	3923	2061	2810	6442	4714	3884	7680	4208	4318	5835	528/20,590/20

