528/20,590/20
	1	2	3	4	5	6	7	8	9	10	11	12
A	532	530	562	4170	934	1004	1668	2371	1276	1680	3475	4077	528/20,590/20
B	2525	1167	2984	1018	926	2455	3815	842	4266	1206	3915	3860	528/20,590/20
C	547	564	607	891	1934	4085	801	1239	993	722	1859	3352	528/20,590/20
D	1014	730	2613	2590	836	2746	934	1435	1391	1055	630	1085	528/20,590/20
E	541	573	576	2839	1318	1049	1177	3097	1115	1024	3378	3495	528/20,590/20
F	2776	2825	2663	3358	3307	3110	1200	877	3028	1221	2819	3176	528/20,590/20
G	534	557	576	3613	3968	1153	2795	3004	3901	3187	1292	4262	528/20,590/20
H	3948	7491	3229	1360	1493	5254	3635	2393	4903	3129	3450	4281	528/20,590/20

