528/20,590/20
	1	2	3	4	5	6	7	8	9	10	11	12
A	589	605	616	2269	813	889	1609	727	1449	2128	4049	4679	528/20,590/20
B	3752	942	1003	3896	1863	728	2113	1027	2853	3026	1942	1611	528/20,590/20
C	603	609	616	727	1777	1022	1418	931	1836	2020	2609	1656	528/20,590/20
D	2858	974	758	2543	1114	2287	751	1012	685	2264	2012	766	528/20,590/20
E	608	624	623	748	1097	1265	723	733	1454	725	1518	1729	528/20,590/20
F	4817	715	741	880	925	1997	1595	783	2040	2063	1549	2389	528/20,590/20
G	615	588	623	2254	1688	1516	1471	3062	1197	916	2624	2729	528/20,590/20
H	1494	4718	733	4220	2966	3270	2597	1125	2505	2579	5248	1813	528/20,590/20

