528/20,590/20
	1	2	3	4	5	6	7	8	9	10	11	12
A	558	601	592	14721	2761	3689	7930	5220	3964	4441	3446	23658	528/20,590/20
B	21162	10190	4008	4728	14858	4938	5105	2751	3717	4259	5602	16994	528/20,590/20
C	416	440	446	3111	2676	3039	10878	9814	2620	6499	7767	2969	528/20,590/20
D	3316	3846	4494	3030	3041	2423	3882	3272	3418	3283	6225	10695	528/20,590/20
E	359	304	362	2439	3278	9689	2518	3287	8226	6683	2706	3553	528/20,590/20
F	7475	6384	3089	2668	7442	3866	4277	16165	11370	3532	5065	2257	528/20,590/20
G	329	353	337	2975	11334	2105	8815	4045	3958	4737	3441	6818	528/20,590/20
H	2557	2262	3386	3481	9121	4009	4128	5141	10661	2413	6418	2236	528/20,590/20

