528/20,590/20
	1	2	3	4	5	6	7	8	9	10	11	12
A	523	554	560	3178	1499	2000	3271	2632	2112	1987	1591	3847	528/20,590/20
B	2672	2074	1231	1758	3117	2385	1872	949	1256	1751	2290	2949	528/20,590/20
C	395	417	420	1232	1147	1834	2423	1743	1169	2913	2613	1547	528/20,590/20
D	1313	2556	1887	967	677	1016	1647	1058	895	1439	1805	2073	528/20,590/20
E	347	312	351	930	821	2028	1012	1011	2247	1939	1611	1520	528/20,590/20
F	1885	2271	1570	1060	2642	1870	1706	3884	2113	2033	2920	1286	528/20,590/20
G	316	330	317	1460	3242	903	2600	1668	1769	1983	1457	1839	528/20,590/20
H	1182	1366	2099	2503	1825	1828	1589	3055	2046	1302	1642	1264	528/20,590/20

