528/20,590/20
	1	2	3	4	5	6	7	8	9	10	11	12
A	618	620	632	4885	4368	7411	3693	7452	6131	6043	6304	5254	528/20,590/20
B	2774	2656	4714	6753	7979	2293	1690	5215	4123	8920	1949	10025	528/20,590/20
C	616	609	637	6600	7772	6054	9566	10247	4508	7272	3101	4549	528/20,590/20
D	11221	7465	2294	7354	6948	7894	7384	10007	7548	2245	5017	6658	528/20,590/20
E	602	612	623	4602	3247	4158	4176	2316	6048	2626	2922	7484	528/20,590/20
F	10607	4428	12746	10669	5059	8022	7153	6717	6202	6612	6092	8093	528/20,590/20
G	605	612	625	7194	8571	4492	5566	9064	6123	7690	6710	5073	528/20,590/20
H	5162	2906	4696	7171	2878	8706	4461	8990	3077	4457	2656	6960	528/20,590/20

