528/20,590/20
	1	2	3	4	5	6	7	8	9	10	11	12
A	638	643	665	6540	2673	4381	6006	2933	2207	2467	2009	2380	528/20,590/20
B	2707	1247	1305	1299	2830	1457	4977	1960	5512	971	2307	2254	528/20,590/20
C	536	562	564	1597	1488	4076	1368	812	860	3236	2375	1812	528/20,590/20
D	2698	2209	1082	1035	756	1361	879	716	891	770	3173	1948	528/20,590/20
E	481	502	498	709	971	4367	3295	2885	1412	1858	3479	3405	528/20,590/20
F	1773	996	2533	686	640	2018	1232	729	670	2731	1039	1803	528/20,590/20
G	467	469	462	3245	876	1364	1094	2623	789	4243	1683	2961	528/20,590/20
H	1739	1999	1476	1343	2616	1329	808	4161	1633	1556	1919	2164	528/20,590/20

