528/20,590/20
	1	2	3	4	5	6	7	8	9	10	11	12
A	624	631	640	9488	13628	8457	4490	10133	9266	7636	7396	7168	528/20,590/20
B	5234	6497	6940	12206	12082	4620	4247	7781	9265	12330	3223	11515	528/20,590/20
C	625	617	643	7865	7979	11397	14842	11844	5297	13162	9849	5855	528/20,590/20
D	12131	11768	4273	11337	10954	9068	12012	21716	16729	2598	7122	12077	528/20,590/20
E	612	618	630	5984	4009	5134	5462	3184	7128	3610	3833	8806	528/20,590/20
F	12542	5941	16397	16976	6269	9331	9214	7744	7495	10030	7137	16064	528/20,590/20
G	612	622	632	12319	12334	5482	6329	13827	6965	9240	11490	11397	528/20,590/20
H	5879	6709	6919	8965	3415	12461	7159	9237	4219	6954	3893	9613	528/20,590/20

