528/20,590/20
	1	2	3	4	5	6	7	8	9	10	11	12
A	641	663	682	1867	3995	5698	1008	1025	2179	2965	786	9204	528/20,590/20
B	2826	1529	2526	2024	2384	1375	2029	1044	3195	1083	2158	5628	528/20,590/20
C	658	655	720	5977	1337	1029	870	1066	860	1111	4590	4609	528/20,590/20
D	6904	2146	1282	6290	1108	785	834	7464	1453	969	1994	1011	528/20,590/20
E	631	646	664	1811	922	1542	1847	1154	949	1855	920	6342	528/20,590/20
F	1007	944	1336	1745	1037	1479	3202	2635	1040	2166	1245	1353	528/20,590/20
G	653	655	669	870	4359	1573	2755	1718	1350	910	1372	3260	528/20,590/20
H	2287	868	858	2655	1059	1065	870	923	990	2667	3316	4637	528/20,590/20

