528/20,590/20
	1	2	3	4	5	6	7	8	9	10	11	12
A	625	644	660	16828	5458	6467	19850	4733	3711	3913	3136	3286	528/20,590/20
B	4083	4151	3489	3634	4049	5646	6112	3008	7100	3570	3395	3433	528/20,590/20
C	493	520	523	2326	1702	6526	2516	2285	2194	6408	2817	2845	528/20,590/20
D	5202	5116	3075	2528	1520	11293	1876	3445	3799	2487	5146	2818	528/20,590/20
E	437	456	456	2072	3125	4552	3985	3298	2131	3194	5109	4743	528/20,590/20
F	2555	2083	6820	1750	1122	2691	2489	1674	1336	5951	1664	3388	528/20,590/20
G	426	428	418	5096	1606	2823	2272	4231	1962	5624	2443	5345	528/20,590/20
H	2146	2749	1882	2065	3472	2385	2076	5089	8908	2195	3034	2767	528/20,590/20

