528/20,590/20
	1	2	3	4	5	6	7	8	9	10	11	12
A	605	644	656	25850	25181	18266	25540	6351	4522	13662	6397	9716	528/20,590/20
B	7575	5148	6039	6690	11105	11862	15526	10023	10300	5959	4447	4851	528/20,590/20
C	487	516	521	2782	3349	12441	4179	3633	5115	12296	3985	3648	528/20,590/20
D	11940	5440	11111	5371	3019	17592	3888	10757	10109	3302	12120	3731	528/20,590/20
E	431	457	454	2854	7750	11513	7748	5304	4674	4232	13476	10272	528/20,590/20
F	3363	3190	12724	2881	4396	5570	3474	2934	3304	7768	2176	6048	528/20,590/20
G	421	427	418	6955	2209	4549	3814	11338	6355	24991	3330	11492	528/20,590/20
H	2876	3554	2573	2861	5494	2982	2829	18794	14506	2843	6242	3712	528/20,590/20

