528/20,590/20
	1	2	3	4	5	6	7	8	9	10	11	12
A	648	669	688	13300	7604	11825	4675	2980	8328	5778	2700	16653	528/20,590/20
B	12663	5154	7808	4194	4703	2791	4896	2996	6664	8609	10732	12649	528/20,590/20
C	664	663	751	12049	3072	4298	1561	2457	1891	2766	9566	11709	528/20,590/20
D	9176	4969	2915	11791	3039	1610	4915	9539	6395	4463	4578	8187	528/20,590/20
E	648	664	683	3823	5485	3972	7711	2582	1995	4320	2348	9082	528/20,590/20
F	4849	1813	3574	5580	2742	7100	5669	5962	2591	4913	3153	4187	528/20,590/20
G	671	671	688	2567	6448	6267	5684	4000	3474	6017	3771	5819	528/20,590/20
H	8324	2596	2204	5313	3375	3411	2199	2593	12414	8559	6993	6240	528/20,590/20

