528/20,590/20
	1	2	3	4	5	6	7	8	9	10	11	12
A	501	505	534	6500	16818	6510	9507	9634	6799	6602	5981	12040	528/20,590/20
B	8577	4264	13820	9397	3239	6157	5508	3126	17119	5777	17401	16428	528/20,590/20
C	534	545	603	7387	5237	14613	3849	4229	6090	3730	6590	9744	528/20,590/20
D	11196	5957	8059	9217	4301	13488	4689	4713	7129	4599	2946	2614	528/20,590/20
E	557	563	586	7657	6297	10830	6431	5646	8688	3780	9388	7396	528/20,590/20
F	9004	9384	6812	8526	5453	5204	6384	3367	10323	4304	11421	9142	528/20,590/20
G	513	541	564	9425	14611	5603	5819	6137	5839	4497	5382	12196	528/20,590/20
H	10247	18294	6827	7458	5397	9213	7362	8399	9403	9649	9726	13571	528/20,590/20

