528/20,590/20
	1	2	3	4	5	6	7	8	9	10	11	12
A	637	696	706	2811	4561	5224	6082	3726	4008	5179	5204	5864	528/20,590/20
B	3333	2612	4751	3057	5024	12173	5081	4032	2537	2715	5260	2957	528/20,590/20
C	502	545	560	4199	3967	3696	5198	9285	4893	3650	3564	3480	528/20,590/20
D	3431	10859	3040	6625	5001	6861	2629	3952	2645	3364	2955	5971	528/20,590/20
E	459	522	523	2808	1981	2737	3724	3729	6268	4076	2200	10302	528/20,590/20
F	3681	2288	5391	3402	3591	3360	11301	4408	1497	7618	2778	2123	528/20,590/20
G	427	431	412	2958	2729	1778	2849	1729	7318	5246	3564	1504	528/20,590/20
H	3604	1784	1896	3751	3617	2833	5943	4584	2404	2305	2169	1948	528/20,590/20

