528/20,590/20
	1	2	3	4	5	6	7	8	9	10	11	12
A	504	542	543	11151	2409	2834	5118	4318	3304	3575	2866	5081	528/20,590/20
B	4626	3423	2509	2983	9585	3536	3370	1858	2439	2815	3415	11866	528/20,590/20
C	369	392	398	2157	1691	2546	4755	4781	1807	4217	4933	2461	528/20,590/20
D	2132	2865	2798	1789	1802	1506	2566	1864	1836	2082	4836	2856	528/20,590/20
E	320	279	326	1728	2070	7327	1607	2102	4335	2616	2248	2543	528/20,590/20
F	4090	3690	2307	1752	3175	2878	2364	9415	3052	2542	3948	1826	528/20,590/20
G	306	324	312	2056	7497	1421	3779	2570	2776	3659	2517	2669	528/20,590/20
H	1700	1906	2619	2751	6701	2725	2872	4143	7045	2000	4673	1935	528/20,590/20

