528/20,590/20
	1	2	3	4	5	6	7	8	9	10	11	12
A	567	604	621	2290	2770	3467	2630	2774	2801	3842	4216	2619	528/20,590/20
B	2204	1787	3741	2190	3657	4507	3823	2034	892	1707	3993	2088	528/20,590/20
C	441	468	483	2849	2775	2626	3552	4927	2797	2168	2302	2473	528/20,590/20
D	2292	6823	1626	3222	2512	3239	1324	2509	1110	1981	1744	2161	528/20,590/20
E	425	469	465	1923	1146	2072	1246	1514	2351	3032	1510	3735	528/20,590/20
F	2958	1706	4251	2469	2785	2046	3453	3400	1166	2459	1931	1682	528/20,590/20
G	409	406	387	2364	2220	1369	1569	1375	2558	2020	2878	1121	528/20,590/20
H	3163	1459	1522	1513	1946	2572	1905	2580	1291	1668	1637	1392	528/20,590/20

