528/20,590/20
	1	2	3	4	5	6	7	8	9	10	11	12
A	608	625	641	727	701	713	788	654	683	1182	700	673	528/20,590/20
B	748	724	792	776	1074	702	750	725	1002	732	702	718	528/20,590/20
C	624	633	639	700	1001	985	707	719	722	671	736	748	528/20,590/20
D	697	723	733	959	795	948	723	705	682	813	674	705	528/20,590/20
E	633	653	645	729	711	924	717	705	683	685	1004	695	528/20,590/20
F	1095	712	722	722	684	950	1015	750	777	860	696	797	528/20,590/20
G	641	614	650	1048	712	744	914	1017	732	796	806	719	528/20,590/20
H	744	724	730	733	728	757	758	835	711	729	943	726	528/20,590/20

