528/20,590/20
	1	2	3	4	5	6	7	8	9	10	11	12
A	646	675	677	741	773	746	754	749	749	726	720	702	528/20,590/20
B	712	718	761	775	760	774	945	781	748	741	747	695	528/20,590/20
C	641	678	706	777	785	798	817	1017	767	762	813	728	528/20,590/20
D	748	1239	698	751	808	789	762	708	643	773	656	705	528/20,590/20
E	691	746	741	746	710	895	744	989	864	831	833	743	528/20,590/20
F	1012	1148	783	771	1355	821	983	1198	702	732	765	733	528/20,590/20
G	697	693	681	761	1070	738	773	753	891	1127	1214	724	528/20,590/20
H	952	716	680	977	696	903	1000	1113	761	715	728	719	528/20,590/20

