528/20,590/20
	1	2	3	4	5	6	7	8	9	10	11	12
A	678	804	766	13900	7225	24851	18350	26924	28298	11562	19335	5864	528/20,590/20
B	13936	4988	15288	9372	12818	26087	10835	4986	13460	4450	9777	8171	528/20,590/20
C	536	599	608	5172	5057	7499	8826	5531	10223	7508	13182	16285	528/20,590/20
D	3948	5290	4919	7939	4872	5960	7765	9705	4632	10993	5558	13502	528/20,590/20
E	537	550	546	10709	4379	4022	9003	5443	3829	4473	12941	12519	528/20,590/20
F	15366	7354	2935	4120	6039	11059	4711	11503	6014	3074	3097	6392	528/20,590/20
G	495	482	475	4602	3986	4171	6633	6038	3407	5497	14963	3138	528/20,590/20
H	2569	12025	10184	3923	4516	5713	9579	4830	13712	7363	4941	14095	528/20,590/20

