528/20,590/20
	1	2	3	4	5	6	7	8	9	10	11	12
A	648	673	697	4403	6863	10620	2143	1680	4236	3435	1175	15121	528/20,590/20
B	5947	3327	3977	3090	3705	2047	3396	1975	5096	1995	4080	6442	528/20,590/20
C	666	671	750	7910	2243	1700	1191	1815	1265	1920	10232	6380	528/20,590/20
D	7719	3213	1948	8499	1972	1097	1276	8692	3591	1943	3402	2612	528/20,590/20
E	648	670	697	2767	1391	2801	3189	1863	1364	3633	1673	9274	528/20,590/20
F	1935	1241	2293	2965	1688	2369	5126	4490	1781	3688	2258	2550	528/20,590/20
G	672	682	705	1430	5777	4324	4408	3036	2463	1906	2701	5209	528/20,590/20
H	6256	1297	1483	4067	1904	2199	1455	1599	1657	5153	5076	6133	528/20,590/20

