528/20,590/20
	1	2	3	4	5	6	7	8	9	10	11	12
A	591	610	620	9206	5767	2865	10874	4237	5357	7338	8450	11972	528/20,590/20
B	18058	6233	6569	19385	6093	6054	4267	7412	12017	6660	9157	6770	528/20,590/20
C	636	644	646	6940	5347	8101	3112	3361	4852	8161	5692	7403	528/20,590/20
D	10940	5995	13680	5500	7289	11703	4888	7497	3698	13265	12803	6603	528/20,590/20
E	665	678	679	6001	5125	4070	5214	3952	5088	5507	10612	9237	528/20,590/20
F	6817	5416	4051	10403	3401	5038	4421	6439	5972	5423	5317	12474	528/20,590/20
G	682	659	694	4934	4658	4333	4597	5832	3897	3159	12523	5356	528/20,590/20
H	14713	7101	5677	5802	5252	7674	5569	10083	6241	4370	7753	16053	528/20,590/20

