528/20,590/20
	1	2	3	4	5	6	7	8	9	10	11	12
A	686	706	709	854	780	858	771	858	802	791	817	788	528/20,590/20
B	768	792	807	817	776	826	859	764	805	817	800	950	528/20,590/20
C	671	699	704	739	745	817	750	783	779	801	782	759	528/20,590/20
D	745	779	749	759	759	819	736	760	764	789	757	740	528/20,590/20
E	653	630	657	858	783	1422	730	735	794	1204	1094	738	528/20,590/20
F	844	1284	739	718	1708	795	779	1727	1190	893	905	724	528/20,590/20
G	638	646	636	708	780	673	1012	792	799	806	785	1229	528/20,590/20
H	703	668	693	954	724	1135	785	1027	1098	691	1262	773	528/20,590/20

