528/20,590/20
	1	2	3	4	5	6	7	8	9	10	11	12
A	615	616	630	1678	1947	1426	1551	5812	5331	974	5858	1138	528/20,590/20
B	1165	950	802	4257	6725	852	824	965	1860	8606	971	7578	528/20,590/20
C	616	608	636	1427	5479	4298	4745	9001	4118	2954	1079	2827	528/20,590/20
D	6780	5942	945	5798	4453	4218	6786	3505	6421	1179	1184	5057	528/20,590/20
E	600	613	626	4108	1084	1630	3226	901	5207	1290	999	5347	528/20,590/20
F	3740	3317	5812	5068	4217	5948	6326	6099	5065	6476	5092	6792	528/20,590/20
G	604	607	625	3459	4151	3922	5026	4908	5804	4155	6017	4334	528/20,590/20
H	4416	2228	2508	6302	1781	4529	2924	6076	2085	3057	1706	5612	528/20,590/20

