528/20,590/20
	1	2	3	4	5	6	7	8	9	10	11	12
A	499	499	526	5680	8299	3327	7233	5955	6002	3574	4815	7187	528/20,590/20
B	4125	2721	5839	5772	2368	3996	4329	2469	13150	2880	10261	12323	528/20,590/20
C	521	531	577	4485	4365	6435	2886	3463	5147	2841	3689	5318	528/20,590/20
D	6045	4238	5924	5731	3404	7063	3656	3543	5993	3668	1936	2075	528/20,590/20
E	533	539	556	6558	3345	2666	3969	4829	7337	2693	8060	6336	528/20,590/20
F	4615	3952	5236	5321	4137	4134	4592	2540	5191	3099	8496	4004	528/20,590/20
G	492	518	539	7949	7497	3984	4479	5199	4743	3654	4265	7875	528/20,590/20
H	8273	11156	4801	3021	4300	7418	5401	5184	7974	4791	5005	6816	528/20,590/20

