528/20,590/20
	1	2	3	4	5	6	7	8	9	10	11	12
A	678	715	722	6649	3605	6711	9737	9148	6706	6409	2904	3033	528/20,590/20
B	7809	2818	4611	6358	8350	6137	2876	1029	7044	2269	5935	3366	528/20,590/20
C	565	615	615	2439	3203	4311	5881	3975	5303	4725	5558	4969	528/20,590/20
D	2425	3301	2274	6907	945	1568	3568	806	1282	3940	2505	3520	528/20,590/20
E	536	532	539	4776	2817	946	4752	2373	2288	2362	4366	4522	528/20,590/20
F	3498	4869	997	2343	3004	3643	1693	3262	3354	1455	1755	2846	528/20,590/20
G	505	481	474	2267	2284	2267	4640	2519	1991	3631	3226	1826	528/20,590/20
H	1844	3189	4431	2260	2544	3819	5562	2697	4049	2916	2441	3759	528/20,590/20

