

Software Version	3.16.10



Experiment File Path:	C:\Users\srlab\Desktop\resazurin_oysters\20250506_usda_absorbance_t2.xpt
Protocol File Path:	



Plate Number	Plate 2
Date	5/6/2025
Time	1:19:23 PM
Reader Type:	Synergy HTX
Reader Serial Number:	25030704
Reading Type	Reader

Procedure Details

Plate Type	96 WELL PLATE (Use plate lid)
Eject plate on completion	
Plate Out/In	
Set Temperature	Incubator off
Read	Absorbance Endpoint
	Full Plate
	Wavelengths:  570, 600
	Read Speed: Normal,  Delay: 100 msec,  Measurements/Data Point: 8
Plate Out/In	



Actual Temperature:	27.1



Actual Temperature:	27.1

Results
	1	2	3	4	5	6	7	8	9	10	11	12
A	3.604	3.608	3.611	3.602	3.640	0.053	0.054	0.056	0.038	0.051	0.046	0.038	570
	3.594	3.618	3.686	3.657	3.635	0.052	0.053	0.055	0.037	0.051	0.043	0.037	600
B	3.580	3.609	3.657	3.648	3.699	0.064	0.054	0.053	0.053	0.053	0.064	0.044	570
	3.572	3.618	3.632	3.688	3.683	0.061	0.052	0.051	0.051	0.052	0.063	0.045	600
C	3.708	3.656	3.525	3.534	3.689	0.037	0.046	0.086	0.109	0.093	0.039	0.051	570
	3.725	3.698	3.578	3.601	3.689	0.037	0.046	0.086	0.110	0.092	0.039	0.051	600
D	3.571	3.643	3.700	3.614	3.668	0.068	0.047	0.049	0.040	0.046	0.053	0.039	570
	3.563	3.720	3.672	3.637	3.666	0.067	0.047	0.048	0.040	0.045	0.052	0.039	600
E	3.545	3.607	3.540	3.679	3.710	0.048	0.062	0.078	0.050	0.049	0.037	0.039	570
	3.619	3.642	3.603	3.640	3.683	0.046	0.061	0.077	0.045	0.048	0.035	0.040	600
F	0.045	0.047	0.044	0.051	0.046	0.046	0.036	0.051	0.040	0.039	0.048	0.040	570
	0.044	0.046	0.044	0.050	0.046	0.044	0.036	0.050	0.039	0.038	0.048	0.039	600
G	0.046	0.037	0.045	0.048	0.099	0.043	0.046	0.037	0.046	0.044	0.039	0.040	570
	0.046	0.037	0.044	0.047	0.096	0.043	0.044	0.036	0.045	0.043	0.039	0.040	600
H	3.705	3.723	3.711	3.721	3.732	0.038	0.051	0.046	0.045	0.041	0.040	0.040	570
	3.688	3.675	3.631	3.690	3.682	0.038	0.051	0.045	0.045	0.041	0.039	0.039	600

