

Software Version	3.16.10



Experiment File Path:	C:\Users\srlab\Desktop\resazurin_oysters\20250506_usda_absorbance.xpt
Protocol File Path:	



Plate Number	Plate 1
Date	5/6/2025
Time	12:16:47 PM
Reader Type:	Synergy HTX
Reader Serial Number:	25030704
Reading Type	Reader

Procedure Details

Plate Type	96 WELL PLATE (Use plate lid)
Eject plate on completion	
Plate Out/In	
Set Temperature	Incubator off
Read	Absorbance Endpoint
	Full Plate
	Wavelengths:  570, 600
	Read Speed: Normal,  Delay: 100 msec,  Measurements/Data Point: 8
Plate Out/In	



Actual Temperature:	25.9



Actual Temperature:	25.9

Results
	1	2	3	4	5	6	7	8	9	10	11	12
A	3.712	3.743	3.659	3.757	3.694	0.046	0.046	0.047	0.047	0.045	0.052	0.044	570
	3.731	3.707	3.603	3.729	3.709	0.046	0.046	0.047	0.047	0.045	0.051	0.043	600
B	3.701	3.658	3.671	3.684	3.739	0.045	0.047	0.045	0.046	0.049	0.046	0.044	570
	3.628	3.660	3.660	3.639	3.682	0.045	0.046	0.045	0.046	0.048	0.045	0.044	600
C	3.696	3.739	3.679	3.678	3.720	0.045	0.046	0.046	0.050	0.045	0.044	0.045	570
	3.728	3.751	3.714	3.716	3.676	0.045	0.046	0.045	0.049	0.045	0.044	0.045	600
D	3.699	3.755	3.717	3.744	3.764	0.045	0.046	0.044	0.047	0.044	0.045	0.045	570
	3.680	3.759	3.722	3.721	3.744	0.045	0.045	0.043	0.046	0.044	0.044	0.045	600
E	3.734	3.704	3.700	3.695	3.696	0.049	0.047	0.045	0.046	0.046	0.046	0.046	570
	3.669	3.698	3.725	3.739	3.676	0.048	0.047	0.044	0.045	0.046	0.045	0.045	600
F	0.045	0.046	0.044	0.044	0.045	0.045	0.045	0.046	0.045	0.044	0.046	0.044	570
	0.045	0.045	0.044	0.044	0.044	0.044	0.045	0.045	0.045	0.045	0.046	0.043	600
G	0.046	0.044	0.044	0.045	0.046	0.045	0.047	0.044	0.044	0.046	0.046	0.045	570
	0.046	0.044	0.044	0.045	0.046	0.045	0.046	0.043	0.044	0.046	0.046	0.044	600
H	3.714	3.676	3.644	3.698	3.683	0.047	0.047	0.044	0.044	0.045	0.045	0.046	570
	3.707	3.663	3.631	3.702	3.703	0.046	0.046	0.044	0.044	0.045	0.045	0.045	600

