

Software Version	3.16.10



Experiment File Path:	C:\Users\srlab\Desktop\resazurin_oysters\20250506_usda_absorbance_t1.xpt
Protocol File Path:	



Plate Number	Plate 1
Date	5/6/2025
Time	12:37:30 PM
Reader Type:	Synergy HTX
Reader Serial Number:	25030704
Reading Type	Reader

Procedure Details

Plate Type	96 WELL PLATE (Use plate lid)
Eject plate on completion	
Plate Out/In	
Set Temperature	Incubator off
Read	Absorbance Endpoint
	Full Plate
	Wavelengths:  570, 600
	Read Speed: Normal,  Delay: 100 msec,  Measurements/Data Point: 8
Plate Out/In	



Actual Temperature:	26.6



Actual Temperature:	26.6

Results
	1	2	3	4	5	6	7	8	9	10	11	12
A	3.700	3.870	3.677	3.680	3.662	0.052	0.053	0.051	0.048	0.049	0.056	0.048	570
	3.691	3.870	3.642	3.697	3.654	0.052	0.052	0.050	0.047	0.048	0.055	0.047	600
B	3.649	3.617	3.739	3.700	3.475	0.055	0.050	0.055	0.052	0.051	0.059	0.064	570
	3.660	3.662	3.689	3.638	3.494	0.054	0.049	0.054	0.051	0.050	0.058	0.063	600
C	3.724	3.716	3.662	3.646	3.685	0.045	0.044	0.055	0.047	0.046	0.044	0.045	570
	3.690	3.752	3.634	3.603	3.729	0.045	0.044	0.055	0.046	0.046	0.044	0.045	600
D	3.712	3.691	3.710	3.684	3.662	0.069	0.050	0.048	0.058	0.045	0.050	0.048	570
	3.759	3.666	3.665	3.702	3.695	0.068	0.050	0.047	0.057	0.045	0.049	0.048	600
E	3.595	3.672	3.630	3.673	3.632	0.047	0.046	0.076	0.068	0.055	0.048	0.057	570
	3.654	3.684	3.695	3.681	3.718	0.046	0.046	0.075	0.066	0.055	0.048	0.056	600
F	0.045	0.047	0.048	0.043	0.044	0.044	0.044	0.047	0.046	0.046	0.042	0.046	570
	0.044	0.046	0.047	0.043	0.043	0.043	0.043	0.046	0.045	0.046	0.042	0.045	600
G	0.046	0.044	0.044	0.046	0.044	0.046	0.044	0.044	0.045	0.044	0.047	0.047	570
	0.046	0.044	0.043	0.046	0.044	0.045	0.044	0.044	0.044	0.043	0.047	0.046	600
H	3.686	3.742	3.708	3.695	3.709	0.045	0.043	0.046	0.044	0.044	0.047	0.044	570
	3.659	3.693	3.716	3.692	3.630	0.044	0.043	0.045	0.044	0.044	0.047	0.043	600

